goog,timestamp,open,high,low,close,volume
goog,2026-01-09,327.4900,331.4800,326.2500,329.1400,17917732
goog,2026-01-08,329.2650,330.5400,321.9900,326.0100,21789614
goog,2026-01-07,314.5700,326.4650,314.5000,322.4300,24681825
goog,2026-01-06,317.3100,321.5600,312.3400,314.5500,18989910
goog,2026-01-05,317.6950,319.2500,315.2490,317.3200,19934019
goog,2026-01-02,317.5900,322.9138,310.6500,315.3200,22043703
goog,2025-12-31,313.3700,315.3900,312.2000,313.8000,10821502
goog,2025-12-30,313.4100,317.7000,313.2500,314.5500,11052495
goog,2025-12-29,312.8200,314.9700,311.9000,314.3900,12317693
goog,2025-12-26,315.9200,316.5599,313.7200,314.9600,6730944
goog,2025-12-24,316.1500,316.2900,313.3200,315.6700,6138155
goog,2025-12-23,311.1350,316.3000,310.7500,315.6800,13961424
goog,2025-12-22,311.2250,311.7000,306.5900,311.3300,14091373
goog,2025-12-19,303.2700,308.9900,302.3400,308.6100,45234430
goog,2025-12-18,303.0600,305.2600,300.6300,303.7500,21040496
goog,2025-12-17,309.0100,309.1950,297.4500,298.0600,29120355
goog,2025-12-16,306.0000,311.8450,303.8300,307.7300,21285166
goog,2025-12-15,312.6250,312.7000,305.7400,309.3200,22028947
goog,2025-12-12,314.7950,316.1400,306.9600,310.5200,21264787
goog,2025-12-11,321.1000,321.9900,309.8800,313.7000,25912059
goog,2025-12-10,316.6200,321.8700,315.4000,321.0000,22764499
goog,2025-12-09,313.1000,318.7089,312.6200,317.7500,14098016
goog,2025-12-08,321.0300,321.2300,311.9100,314.4500,21707040
goog,2025-12-05,320.0000,323.8300,319.9800,322.0900,15719851
goog,2025-12-04,323.0450,323.0990,315.5900,318.3900,20831597
goog,2025-12-03,316.0300,322.0400,314.2800,320.6200,32285099
goog,2025-12-02,316.9000,318.6000,314.2200,316.0200,24668179
goog,2025-12-01,317.4750,319.6300,313.9800,315.1200,28520587
goog,2025-11-28,323.4300,326.8800,316.9400,320.1200,19695811
goog,2025-11-26,320.7800,324.9900,317.2000,320.2800,29839577
goog,2025-11-25,326.8000,328.6700,317.8164,323.6400,50899309
goog,2025-11-24,311.0100,319.8000,309.4001,318.4700,55311838
goog,2025-11-21,296.8700,303.9600,294.3600,299.6500,43670586
goog,2025-11-20,304.7400,306.8900,289.1700,289.9800,34801371
goog,2025-11-19,287.6850,304.2500,287.6700,292.9900,43123599
goog,2025-11-18,288.4850,289.4350,279.0100,284.9600,29702228
goog,2025-11-17,286.4000,294.5200,284.2300,285.6000,34286093
goog,2025-11-14,271.8950,279.1500,271.4100,276.9800,18330487
goog,2025-11-13,282.9850,283.5100,278.0000,279.1200,18060224
goog,2025-11-12,292.0850,292.3600,284.3800,287.4300,16998821
goog,2025-11-11,288.2000,292.3400,287.8800,291.7400,14156729
goog,2025-11-10,285.2650,291.4600,283.5400,290.5900,19508185
goog,2025-11-07,284.2100,284.5000,275.7400,279.7000,21991128
goog,2025-11-06,285.7350,288.8100,281.6200,285.3400,23103777
goog,2025-11-05,279.3800,286.7000,277.8800,284.7500,19657321
goog,2025-11-04,277.0650,281.8336,276.8650,278.0600,18123709
goog,2025-11-03,282.4200,285.9400,280.3701,284.1200,19691754
goog,2025-10-31,283.2050,286.2850,277.5230,281.8200,29932813
goog,2025-10-30,291.7200,291.9300,280.4500,281.9000,48570034
goog,2025-10-29,268.6100,275.9700,268.4300,275.1700,26287850
goog,2025-10-28,270.2000,271.3800,267.1700,268.4300,20101160
goog,2025-10-27,265.3600,270.8000,264.9400,269.9300,22987660
goog,2025-10-24,257.3000,262.5100,256.1000,260.5100,18405966
goog,2025-10-23,253.7000,255.8600,252.7683,253.7300,13241319
goog,2025-10-22,255.0100,257.1800,250.4510,252.5300,19650244
goog,2025-10-21,255.2500,255.3800,244.6700,251.3400,27836425
goog,2025-10-20,255.2300,257.8800,254.6000,257.0200,13726831
goog,2025-10-17,251.3500,254.8800,248.5900,253.7900,17653826
goog,2025-10-16,252.4650,257.5800,250.6700,251.8800,18945987
goog,2025-10-15,248.0850,252.7600,246.7900,251.7100,16048087
goog,2025-10-14,241.7550,248.0250,241.1775,246.1900,17705370
goog,2025-10-13,241.0300,244.9900,240.7500,244.6400,12464965
goog,2025-10-10,242.1600,244.8400,236.6850,237.4900,22449083
goog,2025-10-09,245.0600,245.5550,239.6801,242.2100,19375722
goog,2025-10-08,246.2000,247.2600,245.0900,245.4600,14136494
goog,2025-10-07,248.9300,251.5500,246.8100,247.1300,13811174
goog,2025-10-06,245.7800,252.2000,245.6900,251.5100,18309030
goog,2025-10-03,245.2300,247.1177,242.4700,246.4500,19941381
goog,2025-10-02,245.6400,247.6350,243.1050,246.4300,20657524
goog,2025-10-01,241.1800,247.1500,239.2000,245.5400,23967662
goog,2025-09-30,243.0600,243.6750,239.5707,243.5500,22541189
goog,2025-09-29,248.2750,251.6483,243.2000,244.3600,23157245
goog,2025-09-26,247.7850,250.1200,246.6400,247.1800,16594608
goog,2025-09-25,244.8400,247.3150,241.6500,246.5700,17379793
goog,2025-09-24,252.1500,252.9600,247.2200,247.8300,16958511
goog,2025-09-23,253.6550,254.7700,251.0900,252.3400,17521091
goog,2025-09-22,254.7800,256.3100,250.8100,252.8800,20078982
goog,2025-09-19,253.4000,256.7000,252.0675,255.2400,41616844
goog,2025-09-18,251.8600,254.1400,250.1100,252.3300,21166359
goog,2025-09-17,251.4600,251.9500,246.5800,249.8500,20491324
goog,2025-09-16,252.3300,253.2300,249.7150,251.4200,24493512
goog,2025-09-15,245.1400,252.7499,244.9800,251.7600,29935150
goog,2025-09-12,240.8000,242.4227,238.5000,241.3800,14536593
goog,2025-09-11,240.1400,242.5700,236.5800,240.7800,21308614
goog,2025-09-10,239.2500,242.0800,238.1100,239.5600,19990138
goog,2025-09-09,234.1900,240.5900,233.3800,239.9400,22854794
goog,2025-09-08,235.7900,238.4000,233.7300,234.1600,23128799
goog,2025-09-05,232.6600,236.1299,232.3800,235.1700,26127737
goog,2025-09-04,230.1550,232.7700,226.7600,232.6600,32196009
goog,2025-09-03,226.4800,231.8000,225.1200,231.1000,70558470
goog,2025-09-02,208.9900,212.3690,206.9600,211.9900,28900069
goog,2025-08-29,211.2700,215.3400,210.9700,213.5300,24682224
goog,2025-08-28,207.8400,212.9000,207.6000,212.3700,20915705
goog,2025-08-27,206.4600,209.5700,206.3900,208.2100,15248979
goog,2025-08-26,208.3700,208.4600,206.4501,207.9500,23050971
goog,2025-08-25,207.0000,211.0900,205.9500,209.1600,22788806
goog,2025-08-22,203.9600,209.2300,202.1300,206.7200,25723734
goog,2025-08-21,200.7200,203.3600,200.4000,200.6200,11768910
goog,2025-08-20,201.6800,202.1700,197.4600,200.1900,13971693
goog,2025-08-19,203.9050,204.2900,200.9300,202.4900,13476582
